
 120.4740902   55.5155821  127.7499279 
 230.7053357  142.2043244  209.1152878 
 150.3988717   97.3128580  122.6269290 
 247.5532402  190.8136907  154.3535410 
 220.9042052  152.8470154  142.8480395 
 171.1911060  162.2668179  206.7970453 
  34.5370809   43.7554983   58.3693809 
 199.3872971  135.3190323  128.5708816 
 133.2440760   95.3354996  133.7553539 
 154.9045378  147.4103630  157.6674528 
 162.2587941  180.6891525  217.4026022 
 170.7229816  107.8676818  186.5305112 
 171.4967037  111.0324896  120.9980450 
 189.4824508  129.3011411  195.7619752 
 123.1928592  128.7886640  188.5032323 
 197.1816698  207.7264380  246.4284072 
 176.3977143  102.5919314  122.2808202 
 111.3992674   92.0414798  149.5305141 
 178.4144928  152.6900440  132.5436330 
 180.1829891   68.8943633  100.8572301 
 221.7524086  140.1766049  146.7868571 
 192.0208036  217.7110748  254.7334087 
 228.4621742  106.3549715   83.7245731 
 185.1419128  171.1515486  227.9270833 
 225.1161643  164.5730726  137.4290536 
 117.6526834  112.7503776  167.0631410 
 148.4427304  176.8037503  242.5013259 
 181.5126349  130.7847255  164.9453193 
 189.2831426  119.5056055  122.8747638 
 136.7031207  118.6791671  180.1775740 
 171.4049440  131.3972829  127.5966854 
 209.0487445  207.8663914  224.5110134 
 144.0567153  133.8263041  172.4244926 
 182.2300344  120.0103014  153.0654400 
 165.6750112  150.7622496  213.1921765 
 158.7110489  126.7798603  177.6540944 
 162.6835393  194.2137371  235.5912198 
 210.5759072  101.9816397   89.6404297 
 250.5835159  162.7348717  165.3572747 
 179.8864340   93.6173048   97.8968540 
  91.9963066   96.7465829  155.6051712 
 224.9107983  178.8687796  175.0087294 
 200.4839354  124.3275840  116.8677127 
 245.2877462  149.8486789   97.2185901 
 203.3708828  115.9519561  111.6072173 
 212.3635235   93.4632764   70.3347367 
 164.0336366   63.7770582  101.5791876 
 156.5775098  118.5924891  161.3669240 
 154.3098348   58.2158912   61.4038279 
 252.8237204  153.9100077  128.3791289 
 249.4063689  157.1335046  190.4539813 
 229.6082197   93.2942747  101.8971841 
 119.3450607  120.5184511  197.1327276 
 154.8907769  116.3494594  136.4677198 
 216.8939639  228.5240920  196.9497423 
 169.9879846  161.7337524  186.6593008 
 164.2670459  129.8771879  163.3417947 
 148.1259018  108.0631317  159.3868702 
 127.3796424   67.5482494  163.6564527 
 131.2318872  127.7910440  147.4793739 
 191.1718038  142.3398979  182.8510628 
 127.8791282  154.3689890  176.4816708 
 144.5682976  131.1554063  167.4329825 
 167.8105171   92.0183119   83.7064095 
 176.6496520  198.9784558  175.2100065 
 158.5805356   86.3039541  132.1865482 
 217.6485721  194.0920727  239.9049447 
 200.0006135  171.2331264  232.2813109 
 169.9476479  218.5172449  229.3865837 
 191.0108540  150.8261692  211.9917803 
 168.1357203  125.1019178  115.5397690 
 181.0328420   96.9389006  118.4126366 
 216.4656342  131.5108933  157.1147219 
 178.7688743  215.0987502  251.5598692 
 176.3825108  172.8364346  186.1004046 
 144.0067465  192.8663117  234.0673775 
 138.0185195  157.3300414  252.2189721 
 182.0601823  118.2580280  103.1159219 
 143.8758620  114.5660322  152.9928593 
 210.2644573  128.9687898   78.5041719 
 213.8837279  100.3140134   92.6838430 
 222.0834967   65.0916942  105.5230122 
 190.9889156  159.2288035  170.6390645 
 200.4999963  159.5466893  159.9575614 
 171.2490631  117.0333435  152.1818817 
 179.3889620  163.3661524  207.5783704 
 186.6360026  125.9449224  181.2451177 
 165.9859567  176.6532502  194.0456733 
 201.6962771  119.1414402  130.3903918 
 207.0483302  152.2085048  147.8329902 
 168.5073643   87.8162230  121.6597277 
 177.7802456  107.5585115  129.5030364 
 207.4603067  146.7737258  168.7820873 
 135.3038390   98.4531250  138.2008096 
 157.2174212  156.0145733  163.3781988 
 210.2492586  181.6689209  193.1858641 
 147.1552127   79.7371355  120.0203928 
 175.5181748  118.3087297  213.1559053 
 225.5173218  143.9468651  183.9462110 
 201.9072588  175.3796661  230.9342059 
 148.1957555   96.4928815  144.5836704 
 147.3901569  130.4438425  166.9046780 
 164.6713123  167.0189654  231.1884471 
  96.8717795  119.5491011  189.2204431 
 161.7818620  132.9655947  197.8367428 
 245.1223940  203.1641475  211.0176650 
 146.7050496  169.5022328  186.4462555 
  87.0940179  147.0161780  192.2377981 
  93.8863892  165.2173779  214.3417600 
 172.6889433   99.5196791  131.7666310 
 212.2784937  129.0056439   91.0508325 
 170.1749902  117.8290002  129.7249474 
 130.7765737  166.0863816  163.3303704 
 179.8288451  116.0607062  153.1265097 
 181.7245471   34.4538580   65.1318718 
 172.7024356  136.5791898  142.9040057 
 219.3837777  198.5788595  143.4901787 
 233.4310810  129.1268454  147.1073173 
 204.5818197   37.0441736   24.2270140 
 231.0012957  169.3406269  184.3033138 
 202.3002801  158.6100111  185.4012345 
 134.3788063  155.4410118  213.1698659 
 213.9044783   87.5135227  101.3923548 
 174.8813987  115.4078116  121.4899061 
 160.3452307  107.8115897  161.6555642 
 118.3960876   99.8356290  178.0727080 
 226.2803926  157.8327720  155.0273041 
 139.3880992   63.5080629  121.2743073 
 164.6224662  195.3055733  170.1414712 
  47.2825405  105.3887071  163.8588029 
 169.2338563  189.0463869  199.3075346 
 227.5879790  174.5532773  152.0265772 
 244.2254044  208.4977951  222.7545728 
 132.1479160  111.7769562  143.2727914 
 184.9438290  142.4399206  120.6251754 
 138.4935340  153.0023185  225.5600396 
 139.7967696   84.6866527  103.3563356 
 239.1159378  166.6342884  168.5281139 
 171.8870779  146.9581178  145.1611467 
 175.4983653  116.4117956  185.5905216 
 251.4317068  175.1085074  159.2225208 
 172.9489636  128.4030786  179.4016022 
 230.2320471  168.6458186  149.2851744 
 221.1419432  198.8647975  200.1652262 
 144.8471835  131.9365008  208.2632319 
 171.8346162   95.6058205   88.2732334 
 182.3765627  139.5421391  177.2367728 
 175.8475618  116.9575268  142.0410323 
 148.3655031  152.8737424  177.7192668 
 161.6209196   82.4770017   94.4980954 
 194.7671405  179.1004731  196.3498633 
 154.8012329  178.2968833  199.8264916 
 167.9000710  151.6330551  137.6546168 
 237.7739436  158.9453490  226.4566379 
 142.1495810  121.5989233  133.6473221 
 159.0720644   95.8834918  165.6257533 
 130.9837997  156.4765220  217.3197864 
 197.7045723  164.2078630  148.1166732 
 156.8081880  169.7803442  189.2553850 
 121.6405992  166.2187988  187.7330147 
 231.1347648  156.6937348  137.9672227 
 175.4387619   92.2387351   90.5376637 
 181.5109664  134.2656205  139.8109375 
 162.7140736  101.1869002   73.1810102 
 137.4511981  156.2527538  229.5454657 
 193.4751381  201.0907342  221.2053451 
 219.1035535  193.1143549  221.3053649 
 184.2401710  162.1492115  241.0714698 
 221.4511775  238.4948853  254.2924761 
 234.0086313  227.0917174  224.2757955 
 169.0875573  152.3680909  219.5029390 
 152.0976278  187.1316163  153.2454073 
 162.6093433  112.4947463  148.2667868 
 189.4677130  136.8770053  178.9054836 
 184.3824722  122.9883538  200.7799462 
 160.4588970  154.2007207  183.7816115 
 158.7799770   22.0826513   68.8961570 
  93.9513460   77.9459236   87.8579870 
 123.2684960  118.7000127  145.4730297 
 142.4647862   83.8941086   81.4900372 
 162.4104148  104.0402202   75.6631512 
 140.4414300   93.7625371  103.9101459 
 121.5067232  119.4208485  117.0335372 
 170.8940555  114.3193617  144.0073130 
 202.8036663  108.1326432  126.7310534 
 198.8800899  167.5079300  180.5931435 
 234.0012450   91.0112559  134.6019779 
 164.6969996  121.7152002  171.1708813 
 114.4373707   26.0332347   79.5654506 
 144.4369586   96.3301592  135.6759364 
 193.1774270  151.2972122  194.8403897 
 220.8908796  169.7998453  187.8335810 
  92.0437553  119.5244524  179.0240332 
 197.0952988  125.8533048  179.2976210 
 190.5652020  123.4603163  183.4738241 
 147.7783560  137.0653838  150.5451551 
 196.0955846  181.5888021  215.4873151 
 142.0763324  156.9754035  193.8792475 
 254.7054521  142.0751130  138.9316595 
 137.8104041   90.9264692  117.7001421 
 148.7385317  103.2077184  150.1462577 
 132.1030972  112.0294247  164.3707931 
 143.5516956  158.7225954  154.5003504 
 201.6382152  232.8397774  245.7640574 
 128.1568832  164.7114524  192.3282800 
 201.7405053  143.1219044  184.1283293 
 228.5576430  144.3149671  145.1358746 
 116.9799824   67.7616200  101.3072671 
 189.2389917  123.0377829  194.6677564 
 139.2379568  134.1542360  161.4996458 
 180.1139529  204.3599709  243.7905172 
 205.1352555  138.3199947  117.5905081 
 196.2087255  181.3508565  191.3022043 
 139.5191724  160.8017314  237.5513791 
 121.1542411  162.5258001  196.6714390 
 181.9302932  159.0903934  190.3722586 
 118.5152032   66.8734816  109.5340843 
 198.5157979  143.4816268  173.0246925 
 177.8103651  176.2385443  209.6001981 
 221.5661450  154.3929824  190.3814948 
 151.1309368  150.3123151  192.1204499 
 160.6842193  180.7723487  220.6715183 
 128.2223410  109.0262210  135.6008107 
 212.9226534  182.4087947  177.2962735 
 205.6144359  138.7091262  186.4407720 
 129.4947499  125.4815585  252.0867627 
 230.7663123  139.6035958  164.1765079 
 178.2992071   84.2870128   98.6696410 
 207.7704760  127.3128619  123.3667028 
 239.9124229  170.1132520  224.3758712 
 149.7456566  181.7219786  215.8245673 
 249.2097932  145.1883774  145.4893473 
 166.5407584  100.2231233   79.6365058 
 144.8321038  125.4010087  174.1531543 
 253.0611144  211.1413719  239.0045016 
  81.7820173  117.2345490  191.6386850 
 219.0362558  186.1590930  233.5024400 
 223.0222107  206.7049785  221.5946054 
 137.5432019   91.2158490   99.2160315 
 223.8960111  124.2557648  112.4824608 
 156.2265050   86.7965280   99.9431632 
 180.6842613   78.0918777   86.0862972 
 246.6853397  198.1111451  200.8177114 
 151.8953426  175.4124744  201.9584031 
 143.8090420  219.9895001  230.9194049 
 199.9185954  167.7327025  182.8944240 
 215.8814240  138.4354484  170.4980704 
 128.0726379  108.7258427  167.8470737 